-2.8273340595934373
-2.8277844864087136 -2.8277844864087136 -2.8277844864087136 -2.8277844864087136 -2.8277844864087136 -2.8277844864087136 -2.8277844864087136 -2.8277844864087136 -2.8277844864087136 -2.8277844864087136
-2.82817491322399 -2.82817491322399 -2.82817491322399 -2.82817491322399 -2.82817491322399 -2.82817491322399 -2.82817491322399 -2.82817491322399 -2.82817491322399 -2.82817491322399
-2.8285053400392663 -2.8285053400392663 -2.8285053400392663 -2.8285053400392663 -2.8285053400392663 -2.8285053400392663 -2.8285053400392663 -2.8285053400392663 -2.8285053400392663 -2.8285053400392663
-2.828775766854543 -2.828775766854543 -2.828775766854543 -2.828775766854543 -2.828775766854543 -2.828775766854543 -2.828775766854543 -2.828775766854543 -2.828775766854543 -2.828775766854543
-2.8289861936698193 -2.8289861936698193 -2.8289861936698193 -2.8289861936698193 -2.8289861936698193 -2.8289861936698193 -2.8289861936698193 -2.8289861936698193 -2.8289861936698193 -2.8289861936698193
-2.829136620485096 -2.829136620485096 -2.829136620485096 -2.829136620485096 -2.829136620485096 -2.829136620485096 -2.829136620485096 -2.829136620485096 -2.829136620485096 -2.829136620485096
-2.8292270473003724 -2.8292270473003724 -2.8292270473003724 -2.8292270473003724 -2.8292270473003724 -2.8292270473003724 -2.8292270473003724 -2.8292270473003724 -2.8292270473003724 -2.8292270473003724
-2.829257474115649 -2.829257474115649 -2.829257474115649 -2.829257474115649 -2.829257474115649 -2.829257474115649 -2.829257474115649 -2.829257474115649 -2.829257474115649 -2.829257474115649
-2.8292279009309254 -2.8292279009309254 -2.8292279009309254 -2.8292279009309254 -2.8292279009309254 -2.8292279009309254 -2.8292279009309254 -2.8292279009309254 -2.8292279009309254 -2.8292279009309254
-2.8291383277462017 -2.8291383277462017 -2.8291383277462017 -2.8291383277462017 -2.8291383277462017 -2.8291383277462017 -2.8291383277462017 -2.8291383277462017 -2.8291383277462017 -2.8291383277462017
-2.828988754561478 -2.828988754561478 -2.828988754561478 -2.828988754561478 -2.828988754561478 -2.828988754561478 -2.828988754561478 -2.828988754561478 -2.828988754561478 -2.828988754561478
-2.8287791813767544 -2.8287791813767544 -2.8287791813767544 -2.8287791813767544 -2.8287791813767544 -2.8287791813767544 -2.8287791813767544 -2.8287791813767544 -2.8287791813767544 -2.8287791813767544
-2.828509608192031 -2.828509608192031 -2.828509608192031 -2.828509608192031 -2.828509608192031 -2.828509608192031 -2.828509608192031 -2.828509608192031 -2.828509608192031 -2.828509608192031
-2.8281800350073074 -2.8281800350073074 -2.8281800350073074 -2.8281800350073074 -2.8281800350073074 -2.8281800350073074 -2.8281800350073074 -2.8281800350073074 -2.8281800350073074 -2.8281800350073074
-2.827790461822584 -2.827790461822584 -2.827790461822584 -2.827790461822584 -2.827790461822584 -2.827790461822584 -2.827790461822584 -2.827790461822584 -2.827790461822584 -2.827790461822584
-2.8273408886378606 -2.8273408886378606 -2.8273408886378606 -2.8273408886378606 -2.8273408886378606 -2.8273408886378606 -2.8273408886378606 -2.8273408886378606 -2.8273408886378606 -2.8273408886378606
-2.826831315453137 -2.826831315453137 -2.826831315453137 -2.826831315453137 -2.826831315453137 -2.826831315453137 -2.826831315453137 -2.826831315453137 -2.826831315453137 -2.826831315453137
-2.826261742268413 -2.826261742268413 -2.826261742268413 -2.826261742268413 -2.826261742268413 -2.826261742268413 -2.826261742268413 -2.826261742268413 -2.826261742268413 -2.826261742268413
-2.8256321690836894 -2.8256321690836894 -2.8256321690836894 -2.8256321690836894 -2.8256321690836894 -2.8256321690836894 -2.8256321690836894 -2.8256321690836894 -2.8256321690836894 -2.8256321690836894
-2.824942595898966 -2.824942595898966 -2.824942595898966 -2.824942595898966 -2.824942595898966 -2.824942595898966 -2.824942595898966 -2.824942595898966 -2.824942595898966 -2.824942595898966
-2.824193022714242 -2.824193022714242 -2.824193022714242 -2.824193022714242 -2.824193022714242 -2.824193022714242 -2.824193022714242 -2.824193022714242 -2.824193022714242 -2.824193022714242
-2.8233834495295187 -2.8233834495295187 -2.8233834495295187 -2.8233834495295187 -2.8233834495295187 -2.8233834495295187 -2.8233834495295187 -2.8233834495295187 -2.8233834495295187 -2.8233834495295187
-2.8225138763447952 -2.8225138763447952 -2.8225138763447952 -2.8225138763447952 -2.8225138763447952 -2.8225138763447952 -2.8225138763447952 -2.8225138763447952 -2.8225138763447952 -2.8225138763447952
-2.821584303160072 -2.821584303160072 -2.821584303160072 -2.821584303160072 -2.821584303160072 -2.821584303160072 -2.821584303160072 -2.821584303160072 -2.821584303160072 -2.821584303160072
-2.8205947299753484 -2.8205947299753484 -2.8205947299753484 -2.8205947299753484 -2.8205947299753484 -2.8205947299753484 -2.8205947299753484 -2.8205947299753484 -2.8205947299753484 -2.8205947299753484
-2.8195451567906247 -2.8195451567906247 -2.8195451567906247 -2.8195451567906247 -2.8195451567906247 -2.8195451567906247 -2.8195451567906247 -2.8195451567906247 -2.8195451567906247 -2.8195451567906247
-2.818435583605901 -2.818435583605901 -2.818435583605901 -2.818435583605901 -2.818435583605901 -2.818435583605901 -2.818435583605901 -2.818435583605901 -2.818435583605901 -2.818435583605901
-2.8172660104211773 -2.8172660104211773 -2.8172660104211773 -2.8172660104211773 -2.8172660104211773 -2.8172660104211773 -2.8172660104211773 -2.8172660104211773 -2.8172660104211773 -2.8172660104211773
-2.8160364372364537 -2.8160364372364537 -2.8160364372364537 -2.8160364372364537 -2.8160364372364537 -2.8160364372364537 -2.8160364372364537 -2.8160364372364537 -2.8160364372364537 -2.8160364372364537
-2.81474686405173 -2.81474686405173 -2.81474686405173 -2.81474686405173 -2.81474686405173 -2.81474686405173 -2.81474686405173 -2.81474686405173 -2.81474686405173 -2.81474686405173
-2.8133972908670066 -2.8133972908670066 -2.8133972908670066 -2.8133972908670066 -2.8133972908670066 -2.8133972908670066 -2.8133972908670066 -2.8133972908670066 -2.8133972908670066 -2.8133972908670066
-2.811987717682283 -2.811987717682283 -2.811987717682283 -2.811987717682283 -2.811987717682283 -2.811987717682283 -2.811987717682283 -2.811987717682283 -2.811987717682283 -2.811987717682283
-2.8105181444975598 -2.8105181444975598 -2.8105181444975598 -2.8105181444975598 -2.8105181444975598 -2.8105181444975598 -2.8105181444975598 -2.8105181444975598 -2.8105181444975598 -2.8105181444975598
-2.8089885713128364 -2.8089885713128364 -2.8089885713128364 -2.8089885713128364 -2.8089885713128364 -2.8089885713128364 -2.8089885713128364 -2.8089885713128364 -2.8089885713128364 -2.8089885713128364
-2.8073989981281127 -2.8073989981281127 -2.8073989981281127 -2.8073989981281127 -2.8073989981281127 -2.8073989981281127 -2.8073989981281127 -2.8073989981281127 -2.8073989981281127 -2.8073989981281127
-2.805749424943389 -2.805749424943389 -2.805749424943389 -2.805749424943389 -2.805749424943389 -2.805749424943389 -2.805749424943389 -2.805749424943389 -2.805749424943389 -2.805749424943389
-2.8040398517586653 -2.8040398517586653 -2.8040398517586653 -2.8040398517586653 -2.8040398517586653 -2.8040398517586653 -2.8040398517586653 -2.8040398517586653 -2.8040398517586653 -2.8040398517586653
-2.8022702785739417 -2.8022702785739417 -2.8022702785739417 -2.8022702785739417 -2.8022702785739417 -2.8022702785739417 -2.8022702785739417 -2.8022702785739417 -2.8022702785739417 -2.8022702785739417
-2.800440705389218 -2.800440705389218 -2.800440705389218 -2.800440705389218 -2.800440705389218 -2.800440705389218 -2.800440705389218 -2.800440705389218 -2.800440705389218 -2.800440705389218
-2.7985511322044947 -2.7985511322044947 -2.7985511322044947 -2.7985511322044947 -2.7985511322044947 -2.7985511322044947 -2.7985511322044947 -2.7985511322044947 -2.7985511322044947 -2.7985511322044947
-2.7966015590197713 -2.7966015590197713 -2.7966015590197713 -2.7966015590197713 -2.7966015590197713 -2.7966015590197713 -2.7966015590197713 -2.7966015590197713 -2.7966015590197713 -2.7966015590197713
-2.794591985835048 -2.794591985835048 -2.794591985835048 -2.794591985835048 -2.794591985835048 -2.794591985835048 -2.794591985835048 -2.794591985835048 -2.794591985835048 -2.794591985835048
-2.792522412650324 -2.792522412650324 -2.792522412650324 -2.792522412650324 -2.792522412650324 -2.792522412650324 -2.792522412650324 -2.792522412650324 -2.792522412650324 -2.792522412650324
-2.7903928394656003 -2.7903928394656003 -2.7903928394656003 -2.7903928394656003 -2.7903928394656003 -2.7903928394656003 -2.7903928394656003 -2.7903928394656003 -2.7903928394656003 -2.7903928394656003
-2.7882032662808767 -2.7882032662808767 -2.7882032662808767 -2.7882032662808767 -2.7882032662808767 -2.7882032662808767 -2.7882032662808767 -2.7882032662808767 -2.7882032662808767 -2.7882032662808767
-2.785953693096153 -2.785953693096153 -2.785953693096153 -2.785953693096153 -2.785953693096153 -2.785953693096153 -2.785953693096153 -2.785953693096153 -2.785953693096153 -2.785953693096153
-2.7836441199114295 -2.7836441199114295 -2.7836441199114295 -2.7836441199114295 -2.7836441199114295 -2.7836441199114295 -2.7836441199114295 -2.7836441199114295 -2.7836441199114295 -2.7836441199114295
-2.781274546726706 -2.781274546726706 -2.781274546726706 -2.781274546726706 -2.781274546726706 -2.781274546726706 -2.781274546726706 -2.781274546726706 -2.781274546726706 -2.781274546726706
-2.7788449735419825 -2.7788449735419825 -2.7788449735419825 -2.7788449735419825 -2.7788449735419825 -2.7788449735419825 -2.7788449735419825 -2.7788449735419825 -2.7788449735419825 -2.7788449735419825
-2.776355400357259 -2.776355400357259 -2.776355400357259 -2.776355400357259 -2.776355400357259 -2.776355400357259 -2.776355400357259 -2.776355400357259 -2.776355400357259 -2.776355400357259
-2.7738058271725357 -2.7738058271725357 -2.7738058271725357 -2.7738058271725357 -2.7738058271725357 -2.7738058271725357 -2.7738058271725357 -2.7738058271725357 -2.7738058271725357 -2.7738058271725357
-2.771196253987812 -2.771196253987812 -2.771196253987812 -2.771196253987812 -2.771196253987812 -2.771196253987812 -2.771196253987812 -2.771196253987812 -2.771196253987812 -2.771196253987812
-2.768526680803088 -2.768526680803088 -2.768526680803088 -2.768526680803088 -2.768526680803088 -2.768526680803088 -2.768526680803088 -2.768526680803088 -2.768526680803088 -2.768526680803088
-2.7657971076183645 -2.7657971076183645 -2.7657971076183645 -2.7657971076183645 -2.7657971076183645 -2.7657971076183645 -2.7657971076183645 -2.7657971076183645 -2.7657971076183645 -2.7657971076183645
-2.763007534433641 -2.763007534433641 -2.763007534433641 -2.763007534433641 -2.763007534433641 -2.763007534433641 -2.763007534433641 -2.763007534433641 -2.763007534433641 -2.763007534433641
-2.7601579612489173 -2.7601579612489173 -2.7601579612489173 -2.7601579612489173 -2.7601579612489173 -2.7601579612489173 -2.7601579612489173 -2.7601579612489173 -2.7601579612489173 -2.7601579612489173
-2.757248388064194 -2.757248388064194 -2.757248388064194 -2.757248388064194 -2.757248388064194 -2.757248388064194 -2.757248388064194 -2.757248388064194 -2.757248388064194 -2.757248388064194
-2.7542788148794703 -2.7542788148794703 -2.7542788148794703 -2.7542788148794703 -2.7542788148794703 -2.7542788148794703 -2.7542788148794703 -2.7542788148794703 -2.7542788148794703 -2.7542788148794703
-2.751249241694747 -2.751249241694747 -2.751249241694747 -2.751249241694747 -2.751249241694747 -2.751249241694747 -2.751249241694747 -2.751249241694747 -2.751249241694747 -2.751249241694747
-2.7481596685100236 -2.7481596685100236 -2.7481596685100236 -2.7481596685100236 -2.7481596685100236 -2.7481596685100236 -2.7481596685100236 -2.7481596685100236 -2.7481596685100236 -2.7481596685100236
-2.7450100953253 -2.7450100953253 -2.7450100953253 -2.7450100953253 -2.7450100953253 -2.7450100953253 -2.7450100953253 -2.7450100953253 -2.7450100953253 -2.7450100953253
-2.741800522140576 -2.741800522140576 -2.741800522140576 -2.741800522140576 -2.741800522140576 -2.741800522140576 -2.741800522140576 -2.741800522140576 -2.741800522140576 -2.741800522140576
-2.7385309489558525 -2.7385309489558525 -2.7385309489558525 -2.7385309489558525 -2.7385309489558525 -2.7385309489558525 -2.7385309489558525 -2.7385309489558525 -2.7385309489558525 -2.7385309489558525
-2.735201375771129 -2.735201375771129 -2.735201375771129 -2.735201375771129 -2.735201375771129 -2.735201375771129 -2.735201375771129 -2.735201375771129 -2.735201375771129 -2.735201375771129
-2.7318118025864053 -2.7318118025864053 -2.7318118025864053 -2.7318118025864053 -2.7318118025864053 -2.7318118025864053 -2.7318118025864053 -2.7318118025864053 -2.7318118025864053 -2.7318118025864053
-2.728362229401682 -2.728362229401682 -2.728362229401682 -2.728362229401682 -2.728362229401682 -2.728362229401682 -2.728362229401682 -2.728362229401682 -2.728362229401682 -2.728362229401682
-2.7248526562169584 -2.7248526562169584 -2.7248526562169584 -2.7248526562169584 -2.7248526562169584 -2.7248526562169584 -2.7248526562169584 -2.7248526562169584 -2.7248526562169584 -2.7248526562169584
-2.721283083032235 -2.721283083032235 -2.721283083032235 -2.721283083032235 -2.721283083032235 -2.721283083032235 -2.721283083032235 -2.721283083032235 -2.721283083032235 -2.721283083032235
-2.7176535098475116 -2.7176535098475116 -2.7176535098475116 -2.7176535098475116 -2.7176535098475116 -2.7176535098475116 -2.7176535098475116 -2.7176535098475116 -2.7176535098475116 -2.7176535098475116
-2.713963936662788 -2.713963936662788 -2.713963936662788 -2.713963936662788 -2.713963936662788 -2.713963936662788 -2.713963936662788 -2.713963936662788 -2.713963936662788 -2.713963936662788
-2.710214363478064 -2.710214363478064 -2.710214363478064 -2.710214363478064 -2.710214363478064 -2.710214363478064 -2.710214363478064 -2.710214363478064 -2.710214363478064 -2.710214363478064
-2.7064047902933406 -2.7064047902933406 -2.7064047902933406 -2.7064047902933406 -2.7064047902933406 -2.7064047902933406 -2.7064047902933406 -2.7064047902933406 -2.7064047902933406 -2.7064047902933406
-2.702535217108617 -2.702535217108617 -2.702535217108617 -2.702535217108617 -2.702535217108617 -2.702535217108617 -2.702535217108617 -2.702535217108617 -2.702535217108617 -2.702535217108617
-2.6986056439238935 -2.6986056439238935 -2.6986056439238935 -2.6986056439238935 -2.6986056439238935 -2.6986056439238935 -2.6986056439238935 -2.6986056439238935 -2.6986056439238935 -2.6986056439238935
-2.69461607073917 -2.69461607073917 -2.69461607073917 -2.69461607073917 -2.69461607073917 -2.69461607073917 -2.69461607073917 -2.69461607073917 -2.69461607073917 -2.69461607073917
-2.6905664975544465 -2.6905664975544465 -2.6905664975544465 -2.6905664975544465 -2.6905664975544465 -2.6905664975544465 -2.6905664975544465 -2.6905664975544465 -2.6905664975544465 -2.6905664975544465
-2.686456924369723 -2.686456924369723 -2.686456924369723 -2.686456924369723 -2.686456924369723 -2.686456924369723 -2.686456924369723 -2.686456924369723 -2.686456924369723 -2.686456924369723
-2.682287351185 -2.682287351185 -2.682287351185 -2.682287351185 -2.682287351185 -2.682287351185 -2.682287351185 -2.682287351185 -2.682287351185 -2.682287351185
-2.678057778000276 -2.678057778000276 -2.678057778000276 -2.678057778000276 -2.678057778000276 -2.678057778000276 -2.678057778000276 -2.678057778000276 -2.678057778000276 -2.678057778000276
-2.6737682048155524 -2.6737682048155524 -2.6737682048155524 -2.6737682048155524 -2.6737682048155524 -2.6737682048155524 -2.6737682048155524 -2.6737682048155524 -2.6737682048155524 -2.6737682048155524
-2.669418631630829 -2.669418631630829 -2.669418631630829 -2.669418631630829 -2.669418631630829 -2.669418631630829 -2.669418631630829 -2.669418631630829 -2.669418631630829 -2.669418631630829
-2.6650090584461053 -2.6650090584461053 -2.6650090584461053 -2.6650090584461053 -2.6650090584461053 -2.6650090584461053 -2.6650090584461053 -2.6650090584461053 -2.6650090584461053 -2.6650090584461053
-2.6605394852613817 -2.6605394852613817 -2.6605394852613817 -2.6605394852613817 -2.6605394852613817 -2.6605394852613817 -2.6605394852613817 -2.6605394852613817 -2.6605394852613817 -2.6605394852613817
-2.6560099120766583 -2.6560099120766583 -2.6560099120766583 -2.6560099120766583 -2.6560099120766583 -2.6560099120766583 -2.6560099120766583 -2.6560099120766583 -2.6560099120766583 -2.6560099120766583
-2.651420338891935 -2.651420338891935 -2.651420338891935 -2.651420338891935 -2.651420338891935 -2.651420338891935 -2.651420338891935 -2.651420338891935 -2.651420338891935 -2.651420338891935
-2.6467707657072115 -2.6467707657072115 -2.6467707657072115 -2.6467707657072115 -2.6467707657072115 -2.6467707657072115 -2.6467707657072115 -2.6467707657072115 -2.6467707657072115 -2.6467707657072115
-2.6420611925224877 -2.6420611925224877 -2.6420611925224877 -2.6420611925224877 -2.6420611925224877 -2.6420611925224877 -2.6420611925224877 -2.6420611925224877 -2.6420611925224877 -2.6420611925224877
-2.637291619337764 -2.637291619337764 -2.637291619337764 -2.637291619337764 -2.637291619337764 -2.637291619337764 -2.637291619337764 -2.637291619337764 -2.637291619337764 -2.637291619337764
-2.6324620461530404 -2.6324620461530404 -2.6324620461530404 -2.6324620461530404 -2.6324620461530404 -2.6324620461530404 -2.6324620461530404 -2.6324620461530404 -2.6324620461530404 -2.6324620461530404
-2.6275724729683168 -2.6275724729683168 -2.6275724729683168 -2.6275724729683168 -2.6275724729683168 -2.6275724729683168 -2.6275724729683168 -2.6275724729683168 -2.6275724729683168 -2.6275724729683168
-2.622622899783593 -2.622622899783593 -2.622622899783593 -2.622622899783593 -2.622622899783593 -2.622622899783593 -2.622622899783593 -2.622622899783593 -2.622622899783593 -2.622622899783593
-2.6176133265988697 -2.6176133265988697 -2.6176133265988697 -2.6176133265988697 -2.6176133265988697 -2.6176133265988697 -2.6176133265988697 -2.6176133265988697 -2.6176133265988697 -2.6176133265988697
-2.6125437534141462 -2.6125437534141462 -2.6125437534141462 -2.6125437534141462 -2.6125437534141462 -2.6125437534141462 -2.6125437534141462 -2.6125437534141462 -2.6125437534141462 -2.6125437534141462
-2.607414180229423 -2.607414180229423 -2.607414180229423 -2.607414180229423 -2.607414180229423 -2.607414180229423 -2.607414180229423 -2.607414180229423 -2.607414180229423 -2.607414180229423
-2.6022246070446995 -2.6022246070446995 -2.6022246070446995 -2.6022246070446995 -2.6022246070446995 -2.6022246070446995 -2.6022246070446995 -2.6022246070446995 -2.6022246070446995 -2.6022246070446995
-2.5969750338599757 -2.5969750338599757 -2.5969750338599757 -2.5969750338599757 -2.5969750338599757 -2.5969750338599757 -2.5969750338599757 -2.5969750338599757 -2.5969750338599757 -2.5969750338599757
-2.591665460675252 -2.591665460675252 -2.591665460675252 -2.591665460675252 -2.591665460675252 -2.591665460675252 -2.591665460675252 -2.591665460675252 -2.591665460675252 -2.591665460675252
-2.5862958874905284 -2.5862958874905284 -2.5862958874905284 -2.5862958874905284 -2.5862958874905284 -2.5862958874905284 -2.5862958874905284 -2.5862958874905284 -2.5862958874905284 -2.5862958874905284
-2.580866314305805 -2.580866314305805 -2.580866314305805 -2.580866314305805 -2.580866314305805 -2.580866314305805 -2.580866314305805 -2.580866314305805 -2.580866314305805 -2.580866314305805
