-0.48042681527643827 -0.48042681527643827 -0.48042681527643827 -0.48042681527643827 -0.48042681527643827 -0.48042681527643827 -0.48042681527643827 -0.48042681527643827 -0.48042681527643827 -0.48042681527643827
-0.4204268152764382 -0.4204268152764382 -0.4204268152764382 -0.4204268152764382 -0.4204268152764382 -0.4204268152764382 -0.4204268152764382 -0.4204268152764382 -0.4204268152764382 -0.4204268152764382
-0.36042681527643816 -0.36042681527643816 -0.36042681527643816 -0.36042681527643816 -0.36042681527643816 -0.36042681527643816 -0.36042681527643816 -0.36042681527643816 -0.36042681527643816 -0.36042681527643816
-0.3004268152764381 -0.3004268152764381 -0.3004268152764381 -0.3004268152764381 -0.3004268152764381 -0.3004268152764381 -0.3004268152764381 -0.3004268152764381 -0.3004268152764381 -0.3004268152764381
-0.24042681527643808 -0.24042681527643808 -0.24042681527643808 -0.24042681527643808 -0.24042681527643808 -0.24042681527643808 -0.24042681527643808 -0.24042681527643808 -0.24042681527643808 -0.24042681527643808
-0.18042681527643809 -0.18042681527643809 -0.18042681527643809 -0.18042681527643809 -0.18042681527643809 -0.18042681527643809 -0.18042681527643809 -0.18042681527643809 -0.18042681527643809 -0.18042681527643809
-0.12042681527643809 -0.12042681527643809 -0.12042681527643809 -0.12042681527643809 -0.12042681527643809 -0.12042681527643809 -0.12042681527643809 -0.12042681527643809 -0.12042681527643809 -0.12042681527643809
-0.06042681527643809 -0.06042681527643809 -0.06042681527643809 -0.06042681527643809 -0.06042681527643809 -0.06042681527643809 -0.06042681527643809 -0.06042681527643809 -0.06042681527643809 -0.06042681527643809
-0.0004268152764380917 -0.0004268152764380917 -0.0004268152764380917 -0.0004268152764380917 -0.0004268152764380917 -0.0004268152764380917 -0.0004268152764380917 -0.0004268152764380917 -0.0004268152764380917 -0.0004268152764380917
0.059573184723561906 0.059573184723561906 0.059573184723561906 0.059573184723561906 0.059573184723561906 0.059573184723561906 0.059573184723561906 0.059573184723561906 0.059573184723561906 0.059573184723561906
0.1195731847235619 0.1195731847235619 0.1195731847235619 0.1195731847235619 0.1195731847235619 0.1195731847235619 0.1195731847235619 0.1195731847235619 0.1195731847235619 0.1195731847235619
0.1795731847235619 0.1795731847235619 0.1795731847235619 0.1795731847235619 0.1795731847235619 0.1795731847235619 0.1795731847235619 0.1795731847235619 0.1795731847235619 0.1795731847235619
0.2395731847235619 0.2395731847235619 0.2395731847235619 0.2395731847235619 0.2395731847235619 0.2395731847235619 0.2395731847235619 0.2395731847235619 0.2395731847235619 0.2395731847235619
0.29957318472356187 0.29957318472356187 0.29957318472356187 0.29957318472356187 0.29957318472356187 0.29957318472356187 0.29957318472356187 0.29957318472356187 0.29957318472356187 0.29957318472356187
0.3595731847235619 0.3595731847235619 0.3595731847235619 0.3595731847235619 0.3595731847235619 0.3595731847235619 0.3595731847235619 0.3595731847235619 0.3595731847235619 0.3595731847235619
0.419573184723562 0.419573184723562 0.419573184723562 0.419573184723562 0.419573184723562 0.419573184723562 0.419573184723562 0.419573184723562 0.419573184723562 0.419573184723562
0.47957318472356203 0.47957318472356203 0.47957318472356203 0.47957318472356203 0.47957318472356203 0.47957318472356203 0.47957318472356203 0.47957318472356203 0.47957318472356203 0.47957318472356203
0.5395731847235621 0.5395731847235621 0.5395731847235621 0.5395731847235621 0.5395731847235621 0.5395731847235621 0.5395731847235621 0.5395731847235621 0.5395731847235621 0.5395731847235621
0.5995731847235621 0.5995731847235621 0.5995731847235621 0.5995731847235621 0.5995731847235621 0.5995731847235621 0.5995731847235621 0.5995731847235621 0.5995731847235621 0.5995731847235621
0.6595731847235622 0.6595731847235622 0.6595731847235622 0.6595731847235622 0.6595731847235622 0.6595731847235622 0.6595731847235622 0.6595731847235622 0.6595731847235622 0.6595731847235622
0.7195731847235622 0.7195731847235622 0.7195731847235622 0.7195731847235622 0.7195731847235622 0.7195731847235622 0.7195731847235622 0.7195731847235622 0.7195731847235622 0.7195731847235622
0.7795731847235623 0.7795731847235623 0.7795731847235623 0.7795731847235623 0.7795731847235623 0.7795731847235623 0.7795731847235623 0.7795731847235623 0.7795731847235623 0.7795731847235623
0.8395731847235623 0.8395731847235623 0.8395731847235623 0.8395731847235623 0.8395731847235623 0.8395731847235623 0.8395731847235623 0.8395731847235623 0.8395731847235623 0.8395731847235623
0.8995731847235624 0.8995731847235624 0.8995731847235624 0.8995731847235624 0.8995731847235624 0.8995731847235624 0.8995731847235624 0.8995731847235624 0.8995731847235624 0.8995731847235624
0.9595731847235625 0.9595731847235625 0.9595731847235625 0.9595731847235625 0.9595731847235625 0.9595731847235625 0.9595731847235625 0.9595731847235625 0.9595731847235625 0.9595731847235625
1.0195731847235625 1.0195731847235625 1.0195731847235625 1.0195731847235625 1.0195731847235625 1.0195731847235625 1.0195731847235625 1.0195731847235625 1.0195731847235625 1.0195731847235625
1.0795731847235626 1.0795731847235626 1.0795731847235626 1.0795731847235626 1.0795731847235626 1.0795731847235626 1.0795731847235626 1.0795731847235626 1.0795731847235626 1.0795731847235626
1.1395731847235626 1.1395731847235626 1.1395731847235626 1.1395731847235626 1.1395731847235626 1.1395731847235626 1.1395731847235626 1.1395731847235626 1.1395731847235626 1.1395731847235626
1.1995731847235627 1.1995731847235627 1.1995731847235627 1.1995731847235627 1.1995731847235627 1.1995731847235627 1.1995731847235627 1.1995731847235627 1.1995731847235627 1.1995731847235627
1.2595731847235627 1.2595731847235627 1.2595731847235627 1.2595731847235627 1.2595731847235627 1.2595731847235627 1.2595731847235627 1.2595731847235627 1.2595731847235627 1.2595731847235627
1.3195731847235628 1.3195731847235628 1.3195731847235628 1.3195731847235628 1.3195731847235628 1.3195731847235628 1.3195731847235628 1.3195731847235628 1.3195731847235628 1.3195731847235628
1.3795731847235628 1.3795731847235628 1.3795731847235628 1.3795731847235628 1.3795731847235628 1.3795731847235628 1.3795731847235628 1.3795731847235628 1.3795731847235628 1.3795731847235628
1.4395731847235629 1.4395731847235629 1.4395731847235629 1.4395731847235629 1.4395731847235629 1.4395731847235629 1.4395731847235629 1.4395731847235629 1.4395731847235629 1.4395731847235629
1.499573184723563 1.499573184723563 1.499573184723563 1.499573184723563 1.499573184723563 1.499573184723563 1.499573184723563 1.499573184723563 1.499573184723563 1.499573184723563
1.559573184723563 1.559573184723563 1.559573184723563 1.559573184723563 1.559573184723563 1.559573184723563 1.559573184723563 1.559573184723563 1.559573184723563 1.559573184723563
1.619573184723563 1.619573184723563 1.619573184723563 1.619573184723563 1.619573184723563 1.619573184723563 1.619573184723563 1.619573184723563 1.619573184723563 1.619573184723563
1.679573184723563 1.679573184723563 1.679573184723563 1.679573184723563 1.679573184723563 1.679573184723563 1.679573184723563 1.679573184723563 1.679573184723563 1.679573184723563
1.7395731847235631 1.7395731847235631 1.7395731847235631 1.7395731847235631 1.7395731847235631 1.7395731847235631 1.7395731847235631 1.7395731847235631 1.7395731847235631 1.7395731847235631
1.7995731847235632 1.7995731847235632 1.7995731847235632 1.7995731847235632 1.7995731847235632 1.7995731847235632 1.7995731847235632 1.7995731847235632 1.7995731847235632 1.7995731847235632
1.8595731847235633 1.8595731847235633 1.8595731847235633 1.8595731847235633 1.8595731847235633 1.8595731847235633 1.8595731847235633 1.8595731847235633 1.8595731847235633 1.8595731847235633
1.9195731847235633 1.9195731847235633 1.9195731847235633 1.9195731847235633 1.9195731847235633 1.9195731847235633 1.9195731847235633 1.9195731847235633 1.9195731847235633 1.9195731847235633
1.9795731847235634 1.9795731847235634 1.9795731847235634 1.9795731847235634 1.9795731847235634 1.9795731847235634 1.9795731847235634 1.9795731847235634 1.9795731847235634 1.9795731847235634
2.039573184723563 2.039573184723563 2.039573184723563 2.039573184723563 2.039573184723563 2.039573184723563 2.039573184723563 2.039573184723563 2.039573184723563 2.039573184723563
2.0995731847235626 2.0995731847235626 2.0995731847235626 2.0995731847235626 2.0995731847235626 2.0995731847235626 2.0995731847235626 2.0995731847235626 2.0995731847235626 2.0995731847235626
2.159573184723562 2.159573184723562 2.159573184723562 2.159573184723562 2.159573184723562 2.159573184723562 2.159573184723562 2.159573184723562 2.159573184723562 2.159573184723562
2.219573184723562 2.219573184723562 2.219573184723562 2.219573184723562 2.219573184723562 2.219573184723562 2.219573184723562 2.219573184723562 2.219573184723562 2.219573184723562
2.2795731847235614 2.2795731847235614 2.2795731847235614 2.2795731847235614 2.2795731847235614 2.2795731847235614 2.2795731847235614 2.2795731847235614 2.2795731847235614 2.2795731847235614
2.339573184723561 2.339573184723561 2.339573184723561 2.339573184723561 2.339573184723561 2.339573184723561 2.339573184723561 2.339573184723561 2.339573184723561 2.339573184723561
2.3995731847235606 2.3995731847235606 2.3995731847235606 2.3995731847235606 2.3995731847235606 2.3995731847235606 2.3995731847235606 2.3995731847235606 2.3995731847235606 2.3995731847235606
2.4595731847235602 2.4595731847235602 2.4595731847235602 2.4595731847235602 2.4595731847235602 2.4595731847235602 2.4595731847235602 2.4595731847235602 2.4595731847235602 2.4595731847235602
2.51957318472356 2.51957318472356 2.51957318472356 2.51957318472356 2.51957318472356 2.51957318472356 2.51957318472356 2.51957318472356 2.51957318472356 2.51957318472356
2.5795731847235595 2.5795731847235595 2.5795731847235595 2.5795731847235595 2.5795731847235595 2.5795731847235595 2.5795731847235595 2.5795731847235595 2.5795731847235595 2.5795731847235595
2.639573184723559 2.639573184723559 2.639573184723559 2.639573184723559 2.639573184723559 2.639573184723559 2.639573184723559 2.639573184723559 2.639573184723559 2.639573184723559
2.6995731847235587 2.6995731847235587 2.6995731847235587 2.6995731847235587 2.6995731847235587 2.6995731847235587 2.6995731847235587 2.6995731847235587 2.6995731847235587 2.6995731847235587
2.7595731847235583 2.7595731847235583 2.7595731847235583 2.7595731847235583 2.7595731847235583 2.7595731847235583 2.7595731847235583 2.7595731847235583 2.7595731847235583 2.7595731847235583
2.819573184723558 2.819573184723558 2.819573184723558 2.819573184723558 2.819573184723558 2.819573184723558 2.819573184723558 2.819573184723558 2.819573184723558 2.819573184723558
2.8795731847235575 2.8795731847235575 2.8795731847235575 2.8795731847235575 2.8795731847235575 2.8795731847235575 2.8795731847235575 2.8795731847235575 2.8795731847235575 2.8795731847235575
2.939573184723557 2.939573184723557 2.939573184723557 2.939573184723557 2.939573184723557 2.939573184723557 2.939573184723557 2.939573184723557 2.939573184723557 2.939573184723557
2.9995731847235567 2.9995731847235567 2.9995731847235567 2.9995731847235567 2.9995731847235567 2.9995731847235567 2.9995731847235567 2.9995731847235567 2.9995731847235567 2.9995731847235567
3.0595731847235563 3.0595731847235563 3.0595731847235563 3.0595731847235563 3.0595731847235563 3.0595731847235563 3.0595731847235563 3.0595731847235563 3.0595731847235563 3.0595731847235563
3.119573184723556 3.119573184723556 3.119573184723556 3.119573184723556 3.119573184723556 3.119573184723556 3.119573184723556 3.119573184723556 3.119573184723556 3.119573184723556
3.1795731847235555 3.1795731847235555 3.1795731847235555 3.1795731847235555 3.1795731847235555 3.1795731847235555 3.1795731847235555 3.1795731847235555 3.1795731847235555 3.1795731847235555
3.239573184723555 3.239573184723555 3.239573184723555 3.239573184723555 3.239573184723555 3.239573184723555 3.239573184723555 3.239573184723555 3.239573184723555 3.239573184723555
3.2995731847235548 3.2995731847235548 3.2995731847235548 3.2995731847235548 3.2995731847235548 3.2995731847235548 3.2995731847235548 3.2995731847235548 3.2995731847235548 3.2995731847235548
3.3595731847235544 3.3595731847235544 3.3595731847235544 3.3595731847235544 3.3595731847235544 3.3595731847235544 3.3595731847235544 3.3595731847235544 3.3595731847235544 3.3595731847235544
3.419573184723554 3.419573184723554 3.419573184723554 3.419573184723554 3.419573184723554 3.419573184723554 3.419573184723554 3.419573184723554 3.419573184723554 3.419573184723554
3.4795731847235536 3.4795731847235536 3.4795731847235536 3.4795731847235536 3.4795731847235536 3.4795731847235536 3.4795731847235536 3.4795731847235536 3.4795731847235536 3.4795731847235536
3.539573184723553 3.539573184723553 3.539573184723553 3.539573184723553 3.539573184723553 3.539573184723553 3.539573184723553 3.539573184723553 3.539573184723553 3.539573184723553
3.599573184723553 3.599573184723553 3.599573184723553 3.599573184723553 3.599573184723553 3.599573184723553 3.599573184723553 3.599573184723553 3.599573184723553 3.599573184723553
3.6595731847235524 3.6595731847235524 3.6595731847235524 3.6595731847235524 3.6595731847235524 3.6595731847235524 3.6595731847235524 3.6595731847235524 3.6595731847235524 3.6595731847235524
3.719573184723552 3.719573184723552 3.719573184723552 3.719573184723552 3.719573184723552 3.719573184723552 3.719573184723552 3.719573184723552 3.719573184723552 3.719573184723552
3.7795731847235516 3.7795731847235516 3.7795731847235516 3.7795731847235516 3.7795731847235516 3.7795731847235516 3.7795731847235516 3.7795731847235516 3.7795731847235516 3.7795731847235516
3.8395731847235512 3.8395731847235512 3.8395731847235512 3.8395731847235512 3.8395731847235512 3.8395731847235512 3.8395731847235512 3.8395731847235512 3.8395731847235512 3.8395731847235512
3.899573184723551 3.899573184723551 3.899573184723551 3.899573184723551 3.899573184723551 3.899573184723551 3.899573184723551 3.899573184723551 3.899573184723551 3.899573184723551
3.9595731847235505 3.9595731847235505 3.9595731847235505 3.9595731847235505 3.9595731847235505 3.9595731847235505 3.9595731847235505 3.9595731847235505 3.9595731847235505 3.9595731847235505
4.0195731847235505 4.0195731847235505 4.0195731847235505 4.0195731847235505 4.0195731847235505 4.0195731847235505 4.0195731847235505 4.0195731847235505 4.0195731847235505 4.0195731847235505
4.079573184723551 4.079573184723551 4.079573184723551 4.079573184723551 4.079573184723551 4.079573184723551 4.079573184723551 4.079573184723551 4.079573184723551 4.079573184723551
4.1395731847235515 4.1395731847235515 4.1395731847235515 4.1395731847235515 4.1395731847235515 4.1395731847235515 4.1395731847235515 4.1395731847235515 4.1395731847235515 4.1395731847235515
4.199573184723552 4.199573184723552 4.199573184723552 4.199573184723552 4.199573184723552 4.199573184723552 4.199573184723552 4.199573184723552 4.199573184723552 4.199573184723552
4.2595731847235525 4.2595731847235525 4.2595731847235525 4.2595731847235525 4.2595731847235525 4.2595731847235525 4.2595731847235525 4.2595731847235525 4.2595731847235525 4.2595731847235525
4.319573184723553 4.319573184723553 4.319573184723553 4.319573184723553 4.319573184723553 4.319573184723553 4.319573184723553 4.319573184723553 4.319573184723553 4.319573184723553
4.3795731847235535 4.3795731847235535 4.3795731847235535 4.3795731847235535 4.3795731847235535 4.3795731847235535 4.3795731847235535 4.3795731847235535 4.3795731847235535 4.3795731847235535
4.439573184723554 4.439573184723554 4.439573184723554 4.439573184723554 4.439573184723554 4.439573184723554 4.439573184723554 4.439573184723554 4.439573184723554 4.439573184723554
4.4995731847235545 4.4995731847235545 4.4995731847235545 4.4995731847235545 4.4995731847235545 4.4995731847235545 4.4995731847235545 4.4995731847235545 4.4995731847235545 4.4995731847235545
4.559573184723555 4.559573184723555 4.559573184723555 4.559573184723555 4.559573184723555 4.559573184723555 4.559573184723555 4.559573184723555 4.559573184723555 4.559573184723555
4.6195731847235555 4.6195731847235555 4.6195731847235555 4.6195731847235555 4.6195731847235555 4.6195731847235555 4.6195731847235555 4.6195731847235555 4.6195731847235555 4.6195731847235555
4.679573184723556 4.679573184723556 4.679573184723556 4.679573184723556 4.679573184723556 4.679573184723556 4.679573184723556 4.679573184723556 4.679573184723556 4.679573184723556
4.7395731847235565 4.7395731847235565 4.7395731847235565 4.7395731847235565 4.7395731847235565 4.7395731847235565 4.7395731847235565 4.7395731847235565 4.7395731847235565 4.7395731847235565
4.799573184723557 4.799573184723557 4.799573184723557 4.799573184723557 4.799573184723557 4.799573184723557 4.799573184723557 4.799573184723557 4.799573184723557 4.799573184723557
4.8595731847235575 4.8595731847235575 4.8595731847235575 4.8595731847235575 4.8595731847235575 4.8595731847235575 4.8595731847235575 4.8595731847235575 4.8595731847235575 4.8595731847235575
4.919573184723558 4.919573184723558 4.919573184723558 4.919573184723558 4.919573184723558 4.919573184723558 4.919573184723558 4.919573184723558 4.919573184723558 4.919573184723558
4.9795731847235585 4.9795731847235585 4.9795731847235585 4.9795731847235585 4.9795731847235585 4.9795731847235585 4.9795731847235585 4.9795731847235585 4.9795731847235585 4.9795731847235585
5.039573184723559 5.039573184723559 5.039573184723559 5.039573184723559 5.039573184723559 5.039573184723559 5.039573184723559 5.039573184723559 5.039573184723559 5.039573184723559
5.0995731847235595 5.0995731847235595 5.0995731847235595 5.0995731847235595 5.0995731847235595 5.0995731847235595 5.0995731847235595 5.0995731847235595 5.0995731847235595 5.0995731847235595
5.15957318472356 5.15957318472356 5.15957318472356 5.15957318472356 5.15957318472356 5.15957318472356 5.15957318472356 5.15957318472356 5.15957318472356 5.15957318472356
5.2195731847235605 5.2195731847235605 5.2195731847235605 5.2195731847235605 5.2195731847235605 5.2195731847235605 5.2195731847235605 5.2195731847235605 5.2195731847235605 5.2195731847235605
5.279573184723561 5.279573184723561 5.279573184723561 5.279573184723561 5.279573184723561 5.279573184723561 5.279573184723561 5.279573184723561 5.279573184723561 5.279573184723561
5.3395731847235615 5.3395731847235615 5.3395731847235615 5.3395731847235615 5.3395731847235615 5.3395731847235615 5.3395731847235615 5.3395731847235615 5.3395731847235615 5.3395731847235615
5.399573184723562 5.399573184723562 5.399573184723562 5.399573184723562 5.399573184723562 5.399573184723562 5.399573184723562 5.399573184723562 5.399573184723562 5.399573184723562
5.4595731847235625 5.4595731847235625 5.4595731847235625 5.4595731847235625 5.4595731847235625 5.4595731847235625 5.4595731847235625 5.4595731847235625 5.4595731847235625 5.4595731847235625
